Tower Defense 01-a. Each cell is 32x32.
Columns 1-4 build, 5 complete, 6-9 destroy.
Numbers run left to right, top to bottom.

01  row 1 col 1  (0,0,32,32)
02  row 1 col 2  (32,0,32,32)
03  row 1 col 3  (64,0,32,32)
04  row 1 col 4  (96,0,32,32)
05  row 1 col 5  (128,0,32,32)
06  row 1 col 6  (160,0,32,32)
07  row 1 col 7  (192,0,32,32)
08  row 1 col 8  (224,0,32,32)
09  row 1 col 9  (256,0,32,32)
10  row 2 col 1  (0,32,32,32)
11  row 2 col 2  (32,32,32,32)
12  row 2 col 3  (64,32,32,32)
13  row 2 col 4  (96,32,32,32)
14  row 2 col 5  (128,32,32,32)
15  row 2 col 6  (160,32,32,32)
16  row 2 col 7  (192,32,32,32)
17  row 2 col 8  (224,32,32,32)
18  row 2 col 9  (256,32,32,32)
19  row 3 col 1  (0,64,32,32)
20  row 3 col 2  (32,64,32,32)
21  row 3 col 3  (64,64,32,32)
22  row 3 col 4  (96,64,32,32)
23  row 3 col 5  (128,64,32,32)
24  row 3 col 6  (160,64,32,32)
25  row 3 col 7  (192,64,32,32)
26  row 3 col 8  (224,64,32,32)
27  row 3 col 9  (256,64,32,32)
28  row 4 col 1  (0,96,32,32)
29  row 4 col 2  (32,96,32,32)
30  row 4 col 3  (64,96,32,32)
31  row 4 col 4  (96,96,32,32)
32  row 4 col 5  (128,96,32,32)
33  row 4 col 6  (160,96,32,32)
34  row 4 col 7  (192,96,32,32)
35  row 4 col 8  (224,96,32,32)
36  row 4 col 9  (256,96,32,32)
37  row 5 col 1  (0,128,32,32)
38  row 5 col 2  (32,128,32,32)
39  row 5 col 3  (64,128,32,32)
40  row 5 col 4  (96,128,32,32)
41  row 5 col 5  (128,128,32,32)
42  row 5 col 6  (160,128,32,32)
43  row 5 col 7  (192,128,32,32)
44  row 5 col 8  (224,128,32,32)
45  row 5 col 9  (256,128,32,32)
46  row 6 col 1  (0,160,32,32)
47  row 6 col 2  (32,160,32,32)
48  row 6 col 3  (64,160,32,32)
49  row 6 col 4  (96,160,32,32)
50  row 6 col 5  (128,160,32,32)
51  row 6 col 6  (160,160,32,32)
52  row 6 col 7  (192,160,32,32)
53  row 6 col 8  (224,160,32,32)
54  row 6 col 9  (256,160,32,32)
55  row 7 col 1  (0,192,32,32)
56  row 7 col 2  (32,192,32,32)
57  row 7 col 3  (64,192,32,32)
58  row 7 col 4  (96,192,32,32)
59  row 7 col 5  (128,192,32,32)
60  row 7 col 6  (160,192,32,32)
61  row 7 col 7  (192,192,32,32)
62  row 7 col 8  (224,192,32,32)
63  row 7 col 9  (256,192,32,32)
64  row 8 col 1  (0,224,32,32)
65  row 8 col 2  (32,224,32,32)
66  row 8 col 3  (64,224,32,32)
67  row 8 col 4  (96,224,32,32)
68  row 8 col 5  (128,224,32,32)
69  row 8 col 6  (160,224,32,32)
70  row 8 col 7  (192,224,32,32)
71  row 8 col 8  (224,224,32,32)
72  row 8 col 9  (256,224,32,32)
